9.300000000000000000e+02
7.530000000000000000e+02
1.667000000000000000e+03
9.960000000000000000e+02
1.901000000000000000e+03
1.870000000000000000e+02
1.242000000000000000e+03
6.480000000000000000e+02
1.230000000000000000e+03
1.301000000000000000e+03
1.544000000000000000e+03
1.400000000000000000e+01
2.100000000000000000e+02
1.205000000000000000e+03
1.719000000000000000e+03
1.679000000000000000e+03
2.049000000000000000e+03
1.610000000000000000e+03
1.488000000000000000e+03
1.403000000000000000e+03
7.140000000000000000e+02
1.020000000000000000e+03
1.725000000000000000e+03
5.750000000000000000e+02
1.987000000000000000e+03
1.559000000000000000e+03
1.226000000000000000e+03
1.995000000000000000e+03
1.107000000000000000e+03
7.330000000000000000e+02
6.240000000000000000e+02
2.700000000000000000e+01
1.451000000000000000e+03
2.059000000000000000e+03
5.930000000000000000e+02
1.840000000000000000e+02
3.390000000000000000e+02
1.656000000000000000e+03
1.793000000000000000e+03
1.853000000000000000e+03
2.043000000000000000e+03
1.081000000000000000e+03
6.120000000000000000e+02
2.022000000000000000e+03
2.000000000000000000e+01
2.027000000000000000e+03
1.431000000000000000e+03
1.796000000000000000e+03
3.800000000000000000e+02
5.300000000000000000e+02
5.720000000000000000e+02
1.954000000000000000e+03
1.934000000000000000e+03
1.810000000000000000e+02
6.010000000000000000e+02
2.029000000000000000e+03
5.030000000000000000e+02
1.199000000000000000e+03
5.500000000000000000e+01
5.980000000000000000e+02
1.673000000000000000e+03
7.900000000000000000e+01
6.070000000000000000e+02
6.610000000000000000e+02
1.255000000000000000e+03
1.981000000000000000e+03
6.250000000000000000e+02
1.620000000000000000e+03
1.173000000000000000e+03
1.819000000000000000e+03
1.957000000000000000e+03
1.890000000000000000e+02
1.370000000000000000e+03
8.020000000000000000e+02
1.534000000000000000e+03
1.179000000000000000e+03
1.773000000000000000e+03
1.722000000000000000e+03
1.407000000000000000e+03
5.270000000000000000e+02
7.260000000000000000e+02
6.370000000000000000e+02
1.025000000000000000e+03
6.150000000000000000e+02
1.060000000000000000e+02
2.054000000000000000e+03
8.110000000000000000e+02
1.075000000000000000e+03
1.018000000000000000e+03
1.899000000000000000e+03
1.002000000000000000e+03
6.090000000000000000e+02
1.390000000000000000e+03
1.120000000000000000e+03
7.520000000000000000e+02
3.130000000000000000e+02
4.500000000000000000e+01
2.880000000000000000e+02
7.200000000000000000e+01
1.015000000000000000e+03
7.120000000000000000e+02
1.366000000000000000e+03
5.400000000000000000e+01
6.640000000000000000e+02
6.980000000000000000e+02
1.744000000000000000e+03
1.801000000000000000e+03
1.496000000000000000e+03
1.538000000000000000e+03
1.135000000000000000e+03
1.285000000000000000e+03
1.219000000000000000e+03
6.650000000000000000e+02
1.636000000000000000e+03
1.409000000000000000e+03
3.770000000000000000e+02
1.977000000000000000e+03
5.310000000000000000e+02
9.820000000000000000e+02
1.411000000000000000e+03
9.140000000000000000e+02
2.002000000000000000e+03
1.507000000000000000e+03
1.125000000000000000e+03
1.723000000000000000e+03
1.517000000000000000e+03
2.042000000000000000e+03
1.412000000000000000e+03
1.232000000000000000e+03
1.604000000000000000e+03
1.787000000000000000e+03
1.323000000000000000e+03
2.046000000000000000e+03
1.325000000000000000e+03
2.050000000000000000e+03
2.580000000000000000e+02
3.680000000000000000e+02
1.909000000000000000e+03
4.060000000000000000e+02
2.180000000000000000e+02
1.774000000000000000e+03
1.727000000000000000e+03
4.330000000000000000e+02
9.470000000000000000e+02
7.160000000000000000e+02
3.170000000000000000e+02
9.120000000000000000e+02
1.880000000000000000e+03
9.520000000000000000e+02
4.950000000000000000e+02
2.086000000000000000e+03
1.868000000000000000e+03
3.210000000000000000e+02
1.766000000000000000e+03
1.852000000000000000e+03
2.061000000000000000e+03
1.786000000000000000e+03
4.440000000000000000e+02
1.546000000000000000e+03
1.856000000000000000e+03
3.100000000000000000e+01
1.921000000000000000e+03
4.630000000000000000e+02
1.946000000000000000e+03
8.350000000000000000e+02
1.583000000000000000e+03
4.520000000000000000e+02
1.962000000000000000e+03
8.470000000000000000e+02
1.580000000000000000e+03
2.690000000000000000e+02
1.124000000000000000e+03
1.564000000000000000e+03
9.780000000000000000e+02
1.470000000000000000e+03
1.644000000000000000e+03
8.440000000000000000e+02
9.570000000000000000e+02
1.822000000000000000e+03
1.351000000000000000e+03
7.300000000000000000e+02
2.540000000000000000e+02
1.506000000000000000e+03
1.421000000000000000e+03
1.911000000000000000e+03
1.695000000000000000e+03
6.180000000000000000e+02
1.759000000000000000e+03
1.193000000000000000e+03
1.726000000000000000e+03
7.320000000000000000e+02
4.040000000000000000e+02
8.150000000000000000e+02
1.810000000000000000e+03
3.020000000000000000e+02
1.692000000000000000e+03
1.883000000000000000e+03
1.601000000000000000e+03
7.700000000000000000e+02
4.000000000000000000e+02
4.960000000000000000e+02
1.540000000000000000e+02
2.081000000000000000e+03
1.380000000000000000e+02
3.940000000000000000e+02
1.582000000000000000e+03
5.150000000000000000e+02
2.019000000000000000e+03
6.810000000000000000e+02
1.650000000000000000e+03
1.008000000000000000e+03
2.850000000000000000e+02
1.013000000000000000e+03
9.230000000000000000e+02
3.730000000000000000e+02
4.000000000000000000e+01
7.770000000000000000e+02
1.998000000000000000e+03
1.889000000000000000e+03
8.970000000000000000e+02
1.010000000000000000e+03
1.900000000000000000e+01
2.018000000000000000e+03
2.200000000000000000e+01
1.561000000000000000e+03
3.590000000000000000e+02
1.332000000000000000e+03
1.928000000000000000e+03
1.109000000000000000e+03
4.220000000000000000e+02
1.828000000000000000e+03
6.100000000000000000e+01
1.955000000000000000e+03
4.360000000000000000e+02
1.555000000000000000e+03
2.270000000000000000e+02
1.531000000000000000e+03
9.920000000000000000e+02
5.970000000000000000e+02
2.000000000000000000e+02
1.001000000000000000e+03
1.861000000000000000e+03
6.410000000000000000e+02
6.100000000000000000e+02
1.900000000000000000e+03
6.020000000000000000e+02
3.890000000000000000e+02
1.575000000000000000e+03
1.083000000000000000e+03
4.790000000000000000e+02
3.120000000000000000e+02
1.739000000000000000e+03
1.751000000000000000e+03
1.358000000000000000e+03
5.110000000000000000e+02
1.700000000000000000e+01
9.000000000000000000e+00
1.625000000000000000e+03
1.131000000000000000e+03
3.060000000000000000e+02
9.840000000000000000e+02
3.800000000000000000e+01
1.600000000000000000e+03
2.009000000000000000e+03
1.494000000000000000e+03
1.716000000000000000e+03
1.871000000000000000e+03
1.624000000000000000e+03
1.340000000000000000e+03
3.310000000000000000e+02
1.996000000000000000e+03
3.530000000000000000e+02
1.945000000000000000e+03
1.697000000000000000e+03
6.870000000000000000e+02
9.220000000000000000e+02
1.204000000000000000e+03
1.991000000000000000e+03
9.420000000000000000e+02
1.568000000000000000e+03
2.037000000000000000e+03
2.079000000000000000e+03
1.551000000000000000e+03
5.130000000000000000e+02
1.280000000000000000e+03
1.290000000000000000e+03
4.270000000000000000e+02
1.680000000000000000e+02
1.360000000000000000e+03
5.920000000000000000e+02
1.237000000000000000e+03
1.870000000000000000e+03
1.064000000000000000e+03
5.100000000000000000e+02
1.761000000000000000e+03
2.028000000000000000e+03
8.670000000000000000e+02
2.230000000000000000e+02
1.993000000000000000e+03
3.740000000000000000e+02
