1.000200000000000000e+04
1.515700000000000000e+04
3.399000000000000000e+03
7.023000000000000000e+03
5.760000000000000000e+03
4.131000000000000000e+03
1.373200000000000000e+04
1.798700000000000000e+04
5.421000000000000000e+03
1.565200000000000000e+04
1.673000000000000000e+04
1.437000000000000000e+03
1.343600000000000000e+04
1.202900000000000000e+04
7.103000000000000000e+03
1.448100000000000000e+04
1.817400000000000000e+04
6.639000000000000000e+03
5.772000000000000000e+03
1.906500000000000000e+04
1.843100000000000000e+04
1.485400000000000000e+04
2.836000000000000000e+03
1.604100000000000000e+04
1.266900000000000000e+04
1.500700000000000000e+04
1.861500000000000000e+04
9.446000000000000000e+03
1.194600000000000000e+04
1.360100000000000000e+04
1.024100000000000000e+04
9.235000000000000000e+03
3.639000000000000000e+03
4.898000000000000000e+03
7.582000000000000000e+03
1.026100000000000000e+04
7.342000000000000000e+03
8.641000000000000000e+03
9.589000000000000000e+03
6.591000000000000000e+03
1.175400000000000000e+04
1.099100000000000000e+04
1.899600000000000000e+04
1.583000000000000000e+03
1.801300000000000000e+04
8.986000000000000000e+03
7.661000000000000000e+03
1.462000000000000000e+03
6.815000000000000000e+03
1.043500000000000000e+04
7.041000000000000000e+03
1.399100000000000000e+04
7.066000000000000000e+03
9.917000000000000000e+03
1.870700000000000000e+04
6.998000000000000000e+03
1.880000000000000000e+03
1.594400000000000000e+04
1.145000000000000000e+04
9.932000000000000000e+03
8.037000000000000000e+03
1.078100000000000000e+04
1.815000000000000000e+03
7.562000000000000000e+03
7.336000000000000000e+03
7.157000000000000000e+03
8.956000000000000000e+03
5.799000000000000000e+03
4.503000000000000000e+03
4.903000000000000000e+03
1.614000000000000000e+03
7.127000000000000000e+03
6.227000000000000000e+03
4.354000000000000000e+03
2.394000000000000000e+03
1.835900000000000000e+04
9.491000000000000000e+03
1.025800000000000000e+04
9.915000000000000000e+03
1.720500000000000000e+04
5.740000000000000000e+03
1.921800000000000000e+04
7.605000000000000000e+03
1.136300000000000000e+04
6.887000000000000000e+03
1.640000000000000000e+04
6.820000000000000000e+02
7.239000000000000000e+03
4.067000000000000000e+03
1.374600000000000000e+04
1.446600000000000000e+04
1.353600000000000000e+04
1.849500000000000000e+04
1.554000000000000000e+04
1.969200000000000000e+04
6.505000000000000000e+03
1.249200000000000000e+04
2.199000000000000000e+03
1.187800000000000000e+04
1.110300000000000000e+04
1.419100000000000000e+04
6.811000000000000000e+03
1.943400000000000000e+04
1.852000000000000000e+04
9.000000000000000000e+01
1.311700000000000000e+04
1.208300000000000000e+04
7.145000000000000000e+03
1.174500000000000000e+04
3.026000000000000000e+03
1.120800000000000000e+04
1.355100000000000000e+04
4.517000000000000000e+03
4.540000000000000000e+03
1.249100000000000000e+04
1.385200000000000000e+04
3.932000000000000000e+03
3.454000000000000000e+03
1.275400000000000000e+04
6.122000000000000000e+03
1.845100000000000000e+04
3.211000000000000000e+03
3.593000000000000000e+03
2.230000000000000000e+02
1.524000000000000000e+03
2.326000000000000000e+03
7.930000000000000000e+02
1.172600000000000000e+04
1.324900000000000000e+04
1.013700000000000000e+04
1.469000000000000000e+04
4.927000000000000000e+03
1.933000000000000000e+03
1.549300000000000000e+04
5.523000000000000000e+03
1.876500000000000000e+04
7.135000000000000000e+03
4.260000000000000000e+03
1.637900000000000000e+04
1.812900000000000000e+04
1.701200000000000000e+04
6.679000000000000000e+03
3.274000000000000000e+03
1.420600000000000000e+04
6.386000000000000000e+03
2.859000000000000000e+03
9.633000000000000000e+03
1.883000000000000000e+03
3.501000000000000000e+03
6.563000000000000000e+03
