1.402000000000000000e+03
1.277000000000000000e+03
1.621000000000000000e+03
1.231000000000000000e+03
2.074000000000000000e+03
5.700000000000000000e+02
3.580000000000000000e+02
2.139000000000000000e+03
1.246000000000000000e+03
1.500000000000000000e+01
1.123000000000000000e+03
6.940000000000000000e+02
8.000000000000000000e+00
2.705000000000000000e+03
2.498000000000000000e+03
2.567000000000000000e+03
1.158000000000000000e+03
2.465000000000000000e+03
1.716000000000000000e+03
1.586000000000000000e+03
1.934000000000000000e+03
1.216000000000000000e+03
2.212000000000000000e+03
1.257000000000000000e+03
3.380000000000000000e+02
2.460000000000000000e+02
1.795000000000000000e+03
1.059000000000000000e+03
2.343000000000000000e+03
1.990000000000000000e+02
1.203000000000000000e+03
9.200000000000000000e+01
2.664000000000000000e+03
2.630000000000000000e+02
2.433000000000000000e+03
1.703000000000000000e+03
1.205000000000000000e+03
6.440000000000000000e+02
2.207000000000000000e+03
8.700000000000000000e+01
1.332000000000000000e+03
1.333000000000000000e+03
1.265000000000000000e+03
7.100000000000000000e+02
6.740000000000000000e+02
2.328000000000000000e+03
4.030000000000000000e+02
2.423000000000000000e+03
1.442000000000000000e+03
1.177000000000000000e+03
1.626000000000000000e+03
1.753000000000000000e+03
1.547000000000000000e+03
5.290000000000000000e+02
1.006000000000000000e+03
1.228000000000000000e+03
2.191000000000000000e+03
2.700000000000000000e+01
4.800000000000000000e+02
1.537000000000000000e+03
2.748000000000000000e+03
1.649000000000000000e+03
6.310000000000000000e+02
2.639000000000000000e+03
2.719000000000000000e+03
2.520000000000000000e+03
1.554000000000000000e+03
1.178000000000000000e+03
3.100000000000000000e+02
1.771000000000000000e+03
2.673000000000000000e+03
2.010000000000000000e+03
2.295000000000000000e+03
2.900000000000000000e+01
1.422000000000000000e+03
1.861000000000000000e+03
1.066000000000000000e+03
1.577000000000000000e+03
1.081000000000000000e+03
2.796000000000000000e+03
1.887000000000000000e+03
1.266000000000000000e+03
5.410000000000000000e+02
2.482000000000000000e+03
4.980000000000000000e+02
1.143000000000000000e+03
1.614000000000000000e+03
1.976000000000000000e+03
2.205000000000000000e+03
1.803000000000000000e+03
7.530000000000000000e+02
2.900000000000000000e+02
2.339000000000000000e+03
6.840000000000000000e+02
2.505000000000000000e+03
1.404000000000000000e+03
1.060000000000000000e+02
2.469000000000000000e+03
1.509000000000000000e+03
2.448000000000000000e+03
9.720000000000000000e+02
9.180000000000000000e+02
5.530000000000000000e+02
9.830000000000000000e+02
1.211000000000000000e+03
1.817000000000000000e+03
1.781000000000000000e+03
2.070000000000000000e+03
7.610000000000000000e+02
2.120000000000000000e+02
5.180000000000000000e+02
2.060000000000000000e+02
1.324000000000000000e+03
2.230000000000000000e+03
2.413000000000000000e+03
1.572000000000000000e+03
2.730000000000000000e+03
1.525000000000000000e+03
1.941000000000000000e+03
3.520000000000000000e+02
2.298000000000000000e+03
2.308000000000000000e+03
1.902000000000000000e+03
2.350000000000000000e+02
1.900000000000000000e+02
2.604000000000000000e+03
1.886000000000000000e+03
1.748000000000000000e+03
2.354000000000000000e+03
1.180000000000000000e+02
1.111000000000000000e+03
2.274000000000000000e+03
2.466000000000000000e+03
1.400000000000000000e+01
2.163000000000000000e+03
2.642000000000000000e+03
2.574000000000000000e+03
2.483000000000000000e+03
1.287000000000000000e+03
2.600000000000000000e+03
1.390000000000000000e+02
1.306000000000000000e+03
2.037000000000000000e+03
1.049000000000000000e+03
2.140000000000000000e+02
2.990000000000000000e+02
1.527000000000000000e+03
1.038000000000000000e+03
1.780000000000000000e+02
1.620000000000000000e+03
6.010000000000000000e+02
1.889000000000000000e+03
1.045000000000000000e+03
8.270000000000000000e+02
1.770000000000000000e+02
4.850000000000000000e+02
1.483000000000000000e+03
2.709000000000000000e+03
6.920000000000000000e+02
2.038000000000000000e+03
1.340000000000000000e+03
6.100000000000000000e+01
1.506000000000000000e+03
2.387000000000000000e+03
7.380000000000000000e+02
2.533000000000000000e+03
2.175000000000000000e+03
1.458000000000000000e+03
7.260000000000000000e+02
2.270000000000000000e+02
2.102000000000000000e+03
2.210000000000000000e+03
8.170000000000000000e+02
1.275000000000000000e+03
7.740000000000000000e+02
8.830000000000000000e+02
2.451000000000000000e+03
3.240000000000000000e+02
2.204000000000000000e+03
2.798000000000000000e+03
1.317000000000000000e+03
5.610000000000000000e+02
1.391000000000000000e+03
1.093000000000000000e+03
6.750000000000000000e+02
6.200000000000000000e+01
1.058000000000000000e+03
1.610000000000000000e+02
1.226000000000000000e+03
1.545000000000000000e+03
1.238000000000000000e+03
2.330000000000000000e+02
2.518000000000000000e+03
1.876000000000000000e+03
2.970000000000000000e+02
2.538000000000000000e+03
6.050000000000000000e+02
1.337000000000000000e+03
2.034000000000000000e+03
2.425000000000000000e+03
2.686000000000000000e+03
2.731000000000000000e+03
5.200000000000000000e+02
1.882000000000000000e+03
5.740000000000000000e+02
8.840000000000000000e+02
2.219000000000000000e+03
1.892000000000000000e+03
2.106000000000000000e+03
1.950000000000000000e+02
1.264000000000000000e+03
3.410000000000000000e+02
1.092000000000000000e+03
1.129000000000000000e+03
2.227000000000000000e+03
3.400000000000000000e+02
2.385000000000000000e+03
2.427000000000000000e+03
5.080000000000000000e+02
2.358000000000000000e+03
5.440000000000000000e+02
1.347000000000000000e+03
1.221000000000000000e+03
5.510000000000000000e+02
2.457000000000000000e+03
1.454000000000000000e+03
1.251000000000000000e+03
2.670000000000000000e+02
2.015000000000000000e+03
1.037000000000000000e+03
2.154000000000000000e+03
1.952000000000000000e+03
1.810000000000000000e+02
1.508000000000000000e+03
1.230000000000000000e+03
8.640000000000000000e+02
1.361000000000000000e+03
1.606000000000000000e+03
1.030000000000000000e+02
2.246000000000000000e+03
1.199000000000000000e+03
1.108000000000000000e+03
2.020000000000000000e+02
2.510000000000000000e+02
2.610000000000000000e+02
1.940000000000000000e+02
5.890000000000000000e+02
2.299000000000000000e+03
2.078000000000000000e+03
9.450000000000000000e+02
1.240000000000000000e+02
3.700000000000000000e+01
1.939000000000000000e+03
2.087000000000000000e+03
2.254000000000000000e+03
2.632000000000000000e+03
2.211000000000000000e+03
1.800000000000000000e+02
1.430000000000000000e+02
2.092000000000000000e+03
1.031000000000000000e+03
1.725000000000000000e+03
5.340000000000000000e+02
2.050000000000000000e+03
1.365000000000000000e+03
1.562000000000000000e+03
1.726000000000000000e+03
1.815000000000000000e+03
2.327000000000000000e+03
2.094000000000000000e+03
1.395000000000000000e+03
5.520000000000000000e+02
1.353000000000000000e+03
8.700000000000000000e+02
2.400000000000000000e+01
1.305000000000000000e+03
2.688000000000000000e+03
1.204000000000000000e+03
1.720000000000000000e+03
1.486000000000000000e+03
1.125000000000000000e+03
1.110000000000000000e+02
2.375000000000000000e+03
1.699000000000000000e+03
2.320000000000000000e+02
1.174000000000000000e+03
1.030000000000000000e+03
1.293000000000000000e+03
2.790000000000000000e+02
2.116000000000000000e+03
1.983000000000000000e+03
4.060000000000000000e+02
1.766000000000000000e+03
1.531000000000000000e+03
2.039000000000000000e+03
1.534000000000000000e+03
2.528000000000000000e+03
1.680000000000000000e+03
7.090000000000000000e+02
2.002000000000000000e+03
1.849000000000000000e+03
9.400000000000000000e+02
1.018000000000000000e+03
1.679000000000000000e+03
2.075000000000000000e+03
1.963000000000000000e+03
2.559000000000000000e+03
2.005000000000000000e+03
2.940000000000000000e+02
1.323000000000000000e+03
1.602000000000000000e+03
8.940000000000000000e+02
1.670000000000000000e+03
1.419000000000000000e+03
7.390000000000000000e+02
1.209000000000000000e+03
1.804000000000000000e+03
5.870000000000000000e+02
7.240000000000000000e+02
4.940000000000000000e+02
1.387000000000000000e+03
2.373000000000000000e+03
1.769000000000000000e+03
1.243000000000000000e+03
5.030000000000000000e+02
1.553000000000000000e+03
2.288000000000000000e+03
1.420000000000000000e+02
9.680000000000000000e+02
2.220000000000000000e+03
2.620000000000000000e+03
1.913000000000000000e+03
2.470000000000000000e+03
6.890000000000000000e+02
1.999000000000000000e+03
5.980000000000000000e+02
2.041000000000000000e+03
2.062000000000000000e+03
1.420000000000000000e+03
4.690000000000000000e+02
2.742000000000000000e+03
0.000000000000000000e+00
1.235000000000000000e+03
1.229000000000000000e+03
1.013000000000000000e+03
1.393000000000000000e+03
1.835000000000000000e+03
1.267000000000000000e+03
2.394000000000000000e+03
2.690000000000000000e+03
